Ramp Metering API Debug File

Number of ramp meters = 62

Ramp metering queue detector association table

Num     Meter    Q1DetLn1  Q1DetLn2  Q2Detln1  Q2Detln2  MainDetLn1  MainDetLn2  MainDetLn3  MainDetLn4  MainDetLn5  MainDetLn6  Control   CritOccA   CritOccB   CritVolA   CritVolB  CritSpeed   Q1Thresh   Q2Thresh   RateStep    RateMin    RateMax
  0     25212     7820993   7991439        -1        -1       23250       23249       23248       23247          -1          -1        1      15.00       0.00     100.00       0.00      35.00       3.20       0.00     240.00       0.00    1800.00
  1     25213     7821008   7991440        -1        -1       23232       23233       23234       23235          -1          -1        1      15.00       0.00      85.00       0.00      35.00       3.20       0.00     120.00       0.00    2700.00
  2     25214       25216   7991441        -1        -1       23255       23256       23257       23258          -1          -1        1      15.00       0.00     100.00       0.00      35.00       3.20       0.00     240.00       0.00    1800.00
  3     25217       25218   7991443        -1        -1       23219       23220       23221       23222       23223          -1        1      15.00       0.00      85.00       0.00      35.00       3.20       0.00     120.00       0.00    2700.00
  4     25220       25219   7991442        -1        -1       23274       23273       23272       23271          -1          -1        1      15.00       0.00     100.00       0.00      35.00       3.20       0.00     240.00       0.00    2700.00
  5     25221       25222   7991438        -1        -1     7824607     7824606     7824605          -1          -1          -1        1      15.00       0.00      85.00       0.00      35.00       3.20       0.00     120.00       0.00    2700.00
  6     25223     7821010   7991436        -1        -1       22513       22514       22515       22516          -1          -1        1      15.00       0.00      95.00       0.00      35.00       3.20       0.00     120.00       0.00     900.00
  7     25224     7821009   7991435        -1        -1       23310       23309       23311       23312          -1          -1        1      15.00       0.00      85.00       0.00      35.00       3.20       0.00     120.00       0.00     900.00
  8     25225     7821059        -1        -1        -1       23321       23323       23324       23325       23326          -1        1      15.00       0.00      85.00       0.00      35.00       3.20       0.00     120.00       0.00    2700.00
  9     25229     7821060   7991437        -1        -1       22521       22522       22523       22524          -1          -1        1      15.00       0.00      95.00       0.00      35.00       3.20       0.00     120.00       0.00    2700.00
 10     25236       25237        -1        -1        -1       23212       23213       23214       23215          -1          -1        1      15.00       0.00      85.00       0.00      35.00       3.20       0.00     120.00       0.00    2700.00
 11     25238       25239   7991444        -1        -1       22544       22546       22547       22548        2259       22550        1      15.00       0.00      95.00       0.00      35.00       3.20       0.00     240.00       0.00    1800.00
 12     25241       25240   7991445        -1        -1       23195       23196       23197       23198       23199       23200        1      14.00       0.00      95.00       0.00      35.00       3.20       0.00     240.00       0.00    1800.00
 13     25242       25243   7991446        -1        -1       22557       22558       22559       22560       22561          -1        1      16.00       0.00     110.00       0.00      35.00       3.20       0.00     240.00       0.00    1800.00
 14     25244       25245   7991447        -1        -1       23184       13183       13181       23186       23185          -1        1      16.00       0.00     100.00       0.00      25.00       3.20       0.00     240.00       0.00    1800.00
 15     25247       25246   7991448        -1        -1       22565       22569       22564       22566       22568       22567        1      16.00       0.00     110.00       0.00      35.00       3.20       0.00     240.00       0.00    1800.00
 16     25248       25249   7991449        -1        -1       22572       28142       28143       28144       28145          -1        1      15.00       0.00     100.00       0.00      35.00       3.20       0.00     240.00       0.00    1800.00
 17     25250       25251   7991450        -1        -1       23167       23169       23170       23171       23172          -1        1      15.00       0.00     100.00       0.00      35.00       3.20       0.00     240.00       0.00    1800.00
 18     25252       25253   7991451        -1        -1       23161       23162       23163       23164       23165       23166        1      15.00       0.00     100.00       0.00      35.00       3.20       0.00     240.00       0.00    1800.00
 19     25254       25255   7991452        -1        -1       22578       22582       22583       22581       22584          -1        1      15.00       0.00     100.00       0.00      35.00       3.20       0.00     240.00       0.00    1800.00
 20     25256       25257   7991453        -1        -1       23150       23153       23152       23155       23154          -1        1      15.00       0.00      90.00       0.00      35.00       3.20       0.00     120.00       0.00     900.00
 21     25258       25259   7991454        -1        -1       22591       22592       22593       22594       22595          -1        1      13.00       0.00      90.00       0.00      35.00       3.20       0.00     240.00       0.00    1800.00
 22     25260       25261   7991455        -1        -1       23144       23147       23148       23146       23149          -1        1      15.00       0.00     105.00       0.00      35.00       3.20       0.00     240.00       0.00    1800.00
 23     25262       25263   7991457        -1        -1       23137       23139       23141       23140          -1          -1        1      15.00       0.00     105.00       0.00      35.00       3.20       0.00     240.00       0.00    1800.00
 24     25264       25265   7991458        -1        -1       23128       23129       23130       23131          -1          -1        1      16.00       0.00     110.00       0.00      35.00       3.20       0.00     240.00       0.00    1800.00
 25     25266       25267   7991459        -1        -1       22608       22610       22611       22612          -1          -1        1      15.00       0.00     100.00       0.00      35.00       3.20       0.00     240.00       0.00    1800.00
 26     25268       25269   7991456        -1        -1       22603       22605       22606       22607          -1          -1        1      15.00       0.00     100.00       0.00      35.00       3.20       0.00     240.00       0.00    1800.00
 27     25270       25271   7991460        -1        -1       23118       23119       23120       23121          -1          -1        1      16.00       0.00     110.00       0.00      35.00       3.20       0.00     240.00       0.00    1800.00
 28     25272       25273   7991461        -1        -1       23112       23113       23114       23115          -1          -1        1      15.00       0.00     100.00       0.00      35.00       3.20       0.00     240.00       0.00    1800.00
 29     25275       25274   7991462        -1        -1       22625       22626       22627       22628          -1          -1        1      15.00       0.00     100.00       0.00      35.00       3.20       0.00     240.00       0.00    1800.00
 30     25276       25277   7991463        -1        -1       28141       28140       28139       28138          -1          -1        1      15.00       0.00     100.00       0.00      35.00       3.20       0.00     240.00       0.00    1800.00
 31     25278       25279   7991464        -1        -1       22639       22640       22641       22642          -1          -1        1      15.00       0.00     100.00       0.00      35.00       3.20       0.00     240.00       0.00    1800.00
 32     25280       25283   7991465        -1        -1       23094       23095       23096       23097          -1          -1        1      15.00       0.00     100.00       0.00      35.00       3.20       0.00     240.00       0.00    1800.00
 33     25281       25282        -1        -1        -1       22654       22657       22658       22659          -1          -1        1      15.00       0.00      90.00       0.00      35.00       3.20       0.00     120.00       0.00     900.00
 34     25284       25285   7991466        -1        -1       22660       22666       22667       22668          -1          -1        1      15.00       0.00     100.00       0.00      35.00       3.20       0.00     240.00       0.00    1800.00
 35     25286       25287   7991467        -1        -1       22669       23091       23092       23093          -1          -1        1      15.00       0.00     100.00       0.00      35.00       3.20       0.00     240.00       0.00    1800.00
 36     25288     7821007        -1        -1        -1       22675       22679       23087       23088          -1          -1        1      15.00       0.00     100.00       0.00      35.00       3.20       0.00     240.00       0.00    1800.00
 37     25293       25294   7991468        -1        -1       23076       23077       23078       23079          -1          -1        1      15.00       0.00      95.00       0.00      35.00       3.20       0.00     240.00       0.00    1800.00
 38     25295       25296   7991469        -1        -1       23070       23071       23072       23073          -1          -1        1      15.00       0.00      95.00       0.00      35.00       3.20       0.00     240.00       0.00    1800.00
 39     25297       25298        -1        -1        -1       22685       22688       22689       22690          -1          -1        1      12.00       0.00      95.00       0.00      35.00       3.20       0.00     240.00       0.00    1800.00
 40     25299       25300   7991470        -1        -1       22694       22696       22697       22698       22699          -1        1      12.00       0.00      95.00       0.00      35.00       3.20       0.00     240.00       0.00    1800.00
 41     25301       22753     22754   7821065   7991471       22701       23052       23053       23054          -1          -1        1      10.00       6.00     100.00      60.00      35.00       5.00       5.00     120.00       0.00    2160.00
 42     25302       22747        -1        -1        -1       22742       22745       22743       22742          -1          -1        1      15.00       6.00     100.00      60.00      35.00       3.20       0.00     240.00       0.00    1800.00
 43     25303       25304        -1        -1        -1       22710       22714       22715       22716          -1          -1        1      14.00       0.00      95.00       0.00      35.00       3.20       0.00     240.00       0.00    1800.00
 44     25305       22760     22759   7821064   7991472       22717       22719       22720       22721          -1          -1        1      12.00       9.00     100.00      90.00      35.00       5.00       5.00     120.00       0.00    2160.00
 45     25306     7821061   7991481        -1        -1       22789       22791       22792       22793          -1          -1        1      17.00       0.00      90.00       0.00      35.00       3.20       0.00     240.00       0.00    1800.00
 46     25307     7821063        -1        -1        -1       22777       22779       22780       22778          -1          -1        1      15.00       0.00      85.00       0.00      35.00       3.20       0.00     120.00       0.00     900.00
 47     25308     7821062        -1        -1        -1       22783       22784       22785       22782          -1          -1        1      15.00       0.00      85.00       0.00      35.00       3.20       0.00     120.00       0.00     900.00
 48   7608538       23110     23109        -1        -1       22636       23106       23107       23108          -1          -1        1      15.00       0.00     100.00       0.00      35.00       3.20       0.00     240.00       0.00    1800.00
 49   7608539     7821006   7991474        -1        -1     7992268     7992269     7992270     7992271          -1          -1        1      16.00       0.00     110.00       0.00      35.00       3.20       0.00     240.00       0.00    1800.00
 50   7608540     7821005   7991475        -1        -1     7992311     7992310     7992312     7992313          -1          -1        1      16.00       0.00     110.00       0.00      35.00       3.20       0.00     240.00       0.00    1800.00
 51   7608541     7821004   7991473        -1        -1     7992314     7992315     7992316     7992317          -1          -1        1      16.00       0.00     110.00       0.00      35.00       3.20       0.00     240.00       0.00    1800.00
 52   7608542     7821003   7991476        -1        -1     7992276     7992277     7992278     7992279          -1          -1        1      16.00       0.00     110.00       0.00      35.00       3.20       0.00     240.00       0.00    1800.00
 53   7608543     7821002   7991477        -1        -1     7992272     7992273     7992274     7992275          -1          -1        1      16.00       0.00     110.00       0.00      35.00       3.20       0.00     240.00       0.00    1800.00
 54   7608544     7821001        -1        -1        -1     7992284     7992285     7992286     7992287     7992288          -1        1      16.00       0.00      95.00       0.00      35.00       3.20       0.00     240.00       0.00    1800.00
 55   7608545     7821000   7991478        -1        -1     7992289     7992290     7992291     7992292          -1          -1        1      16.00       0.00     110.00       0.00      25.00       3.20       0.00     240.00       0.00    1800.00
 56   7608547     7820999   7991479        -1        -1     7992293     7992294     7992295     7992296          -1          -1        1      15.00       0.00     100.00       0.00      35.00       3.20       0.00     240.00       0.00    1800.00
 57   7608548     7820998        -1        -1        -1     7992280     7992281     7992282     7992283          -1          -1        1      15.00       0.00     100.00       0.00      35.00       3.20       0.00     120.00       0.00     900.00
 58   7608549     7820997   7991480        -1        -1     7992297     7992298     7992299     7992300          -1          -1        1      16.00       0.00     110.00       0.00      35.00       3.20       0.00     240.00       0.00    1800.00
 59   7608550     7820996        -1        -1        -1     7992301     7992302     7992303     7992304          -1          -1        1      15.00       0.00     100.00       0.00      35.00       3.20       0.00     240.00       0.00    1800.00
 60   7608552     7820995        -1        -1        -1     7992305     7992306     7992307     7992308     7992309          -1        1      16.00       0.00     100.00       0.00      35.00       3.20       0.00     120.00       0.00     900.00
 61   7633335     7820994   7991434        -1        -1       23298       23300       23301       23302          -1          -1        1      16.00       0.00     100.00       0.00      35.00       3.20       0.00     240.00       0.00    1800.00
